0: 0,180,118,188,28,149,182,165,23   3.8500000000000005 2200
1: 0,75,159,15,48,164,85,177   4.08 1800
2: 0,174,150,6,81,132,184,87,33   4.18 2200
3: 0,163,166,50,35,26,136,4,72,192   3.970000000000001 2800
4: 0,7,105,68,199,62,117,168   4.030000000000003 2800
5: 0,98,29,175,190,76,160,1,158,79,10   4.1899999999999835 2800
6: 0,91,46,95,44,65,94,120   3.889999999999999 1400
7: 0,30,113,144,172,115,171,52   4.069999999999998 2100
8: 0,133,153,116,146,49,189,2,195   4.200000000000003 2300
9: 0,25,104,51,130,142,127,34,123,179   3.9499999999999997 2700
10: 0,183,125,63,18,45,176,154,139,106   3.86 2400
11: 0,114,167,170,96,80,47,97,42   3.999999999999999 2200
12: 0,20,82,100,57,90,109,138,152,119   4.17 3000
13: 0,37,17,134,14,64,21,59,9,77   4.06 2900
14: 0,56,148,181,78,107,103,129,67   4.079999999999998 2700
15: 0,157,40,22,155,5,84,39,197   4.17 2400
16: 0,187,145,124,198,93,24,111   4.1199999999999966 2100
17: 0,99,140,193,143,173,156,71,3,108   3.9400000000000004 3000
18: 0,110,12,74,141,69,122,54,102   4.2 2500
19: 0,66,53,16,131,55,43,8   4.18 2100
20: 0,162,58,185,92,137,169,196   4.219999999999998 2700
21: 0,191,13,11,89,121,128,61   4.219999999999999 1900
22: 0,36,27,194,112,32,200,60,161   3.909999999999997 2700
23: 0,135,73,186,151,88,83,101,86,38   4.120000000000001 2900
24: 0,19,31,178,126,147,41,70   4.04 2200
Rcl_size: 10 ,seed: 1
obj: 4.219999999999999

