4.052380952380952
0,140,193,143,173,11,13,148,103
0,157,133,14,64,21,59,9,77
0,66,53,15,48,145,81,132
0,37,6,198,124,16,24,93
0,165,123,65,94,120,8,43
0,130,118,30,182,23,95,68,199
0,183,114,151,83,88,101,86,38
0,174,159,187,150,184,87,33
0,110,113,46,7,105,62,168,102
0,180,125,63,18,115,167,170,45,144,172
0,36,27,194,60,161,129,67
0,19,31,108,3,71,156,121,89
0,153,116,146,22,155,5,84,39,197
0,99,126,147,98,29,175,61,128
0,25,20,185,92,119,137,169,196
0,82,100,90,57,109,70,138,152
0,178,41,190,76,160,1,158,79,10
0,163,166,50,35,26,4,136,72,192
0,51,135,104,73,162,58,186,171,52
0,91,12,74,154,139,106,117,141,69
0,112,32,191,200,56,181,78,107
0,17,134,40,49,195,2,189
0,75,188,28,149,34,179,44
0,176,96,80,47,97,122,42,54
0,142,127,177,85,164,131,55,111
